5 2
6 3
7 8623
8 923
9 13
10 2099
11 71
12 14
13 16
14 3220
15 7211
16 1256
17 9239
18 19074
21 39
23 27
24 475
25 13687
27 1525
29 2026
32 2889
34 1669
35 2112
36 77
41 20409
42 984
46 7063
47 365
48 22
49 279
50 11021
54 2475
64 31
66 2180
70 217
73 2673
83 1008
87 10149
88 2408
91 14182
93 305
95 17211
96 3244
102 1380
109 497
112 724
115 178
116 15087
122 11817
129 75
130 1091
133 949
138 1533
149 1741
153 787
154 925
155 1353
159 1992
162 4579
165 7483
166 894
172 111
173 68
174 1477
175 3733
177 28938
183 4782
184 2018
185 1591
186 887
187 41354
193 22303
194 1009
198 19284
199 11642
201 211
206 1584
215 3332
216 1908
217 1211
220 1876
221 16889
225 322
232 1463
237 2369
244 1794
248 1132
251 13726
261 430
262 1899
287 3075
292 1574
302 1633
304 7856
312 962
315 3385
316 26207
341 188
342 2251
351 444
363 1761
371 5864
376 213
384 2105
386 15
393 5001
394 235
395 460
417 326
421 11408
426 40689
435 2125
439 1363
441 142
445 1162
462 2173
467 2131
468 11304
473 585
481 2948
485 10910
487 1359
489 1270
493 387
510 3573
511 1181
519 321
526 186
542 404
546 2343
552 4434
568 375
577 4516
580 9001
584 5582
612 65
616 2015
628 1287
630 624
633 4303
638 113
645 32
646 1968
648 225
661 82
665 4942
667 5
674 17444
681 310
684 250
687 1579
693 210
704 2906
709 4586
711 6197
716 6894
720 6567
728 7670
729 1626
731 3710
733 1898
736 3968
742 13601
743 11113
748 12
754 110
757 116
761 2684
765 4638
767 197
769 383
775 523
777 5562
787 8021
794 1306
800 25251
809 12483
810 3598
811 350
820 5912
831 7581
840 705
850 382
855 5273
860 711
862 34785
863 5375
869 1675
870 3430
873 90
879 3384
892 304
899 10754
916 285
920 93
923 2243
936 3971
941 371
943 821
951 5025
953 4367
961 2517
964 12967
975 4884
982 5002
986 2709
1003 1931
1005 4245
1018 1340
1035 435
1037 1798
1049 156
1051 5652
1056 118
1062 5035
1074 272
1080 342
1087 1508
1099 15336
1107 393
1120 14382
1123 893
1133 11940
1148 34
1159 2495
1162 132
1167 2263
1171 4006
1175 6
1177 2124
1182 1037
1199 45115
1200 2206
1203 27020
1210 1585
1214 10354
1235 31739
1249 8892
1255 2704
1264 21049
1267 2246
1284 230
1286 15418
1294 191
1296 32013
1316 736
1324 19
1330 143
1334 364
1342 7495
1358 1164
1359 4756
1371 5173
1374 2782
1377 1253
1380 1334
1382 38561
1386 6042
1394 623
1398 11568
1410 4994
1426 164
1438 129
1444 2713
1448 21132
1452 464
1461 18
1463 17889
1469 2103
1471 609
1474 6836
1475 16049
1487 39313
1497 1261
1498 10998
1502 6135
1505 500
1511 1554
1515 2745
1523 12301
1529 2556
1535 2825
1536 3469
1543 9553
1548 2284
1559 2376
1564 5418
1577 20504
1578 700
1579 1226
1585 52
1595 1276
1598 1262
1618 18596
1631 4522
1641 12655
1643 6164
1645 3771
1646 886
1653 3166
1655 394
1657 175
1669 1740
1681 43
1688 3020
1690 8457
1696 2612
1699 2296
1700 2935
1706 372
1709 19183
1713 6730
1714 2952
1722 12297
1724 526
1730 19256
1739 5011
1745 124
1747 24241
1759 9310
1764 11328
1768 47718
1787 88
1800 97
1818 348
1825 990
1830 3034
1832 7795
1858 24049
1859 6843
1867 3611
1874 2755
1875 15095
1877 8898
1882 23539
1888 7632
1893 19906
1896 5980
1897 4602
1913 12338
1914 25137
1927 46
1931 442
1940 3441
1944 955
1945 3548
1950 48645
1954 2941
1961 44121
1968 1135
1972 6952
1979 7322
1986 15385
2003 3539
2005 23694
2008 62
2013 2564
2022 8220
2034 3603
2037 1326
2046 166
2047 6631
2062 155
2073 15446
2074 48496
2076 42144
2078 6091
2085 7600
2089 26721
2092 4748
2103 6909
2105 183
2118 605
2124 6236
2129 30165
2140 1065
2149 20897
2160 4991
2184 148
2186 865
2187 21226
2198 242
2215 263
2221 37506
2222 398
2223 3419
2227 378
2228 823
2242 7681
2247 5433
2262 1308
2265 4041
2279 3826
2282 1196
2292 23982
2304 4650
2326 528
2333 3739
2336 5271
2350 5350
2353 1862
2360 2077
2374 3475
2376 21037
2391 3066
2397 7682
2402 10553
2407 32528
2408 11068
2409 7081
2412 38
2414 3869
2417 2734
2421 10179
2424 27091
2433 10932
2445 354
2463 871
2465 1678
2469 9789
2479 33837
2482 9760
2501 2835
2515 10028
2516 2583
2521 8060
2522 11140
2527 17335
2535 4390
2548 34650
2555 19013
2560 380
2565 470
2571 30422
2573 24
2591 267
2598 357
2616 4598
2626 14934
2628 27835
2635 17828
2638 4831
2647 2221
2648 4362
2658 16714
2659 9
2660 26358
2688 25
2690 4536
2691 27187
2697 1411
2702 4060
2705 15899
2707 2491
2711 270
2722 28950
2731 2668
2732 7807
2735 294
2736 8541
2739 91
2740 6273
2741 233
2756 5500
2766 8197
2780 6584
2809 2533
2810 3745
2822 23788
2824 3236
2840 486
2843 6620
2849 12369
2854 184
2855 3460
2875 27506
2878 5067
2892 3284
2897 3818
2898 12418
2906 11892
2918 7713
2925 814
2928 3855
2930 18774
2939 3583
2949 2285
2954 25670
2955 25542
2959 10878
2972 10010
2978 3714
2984 17263
2994 11055
3005 3853
3018 6538
3030 2757
3031 37491
3033 589
3034 7000
3040 677
3044 2996
3050 1471
3066 7034
3067 6424
3074 1381
3080 12158
3090 2790
3091 26406
3094 6462
3096 28259
3097 4247
3102 4263
3105 6649
3107 9752
3114 1185
3124 3703
3127 19418
3131 8654
3132 9524
3134 11112
3135 45700
3141 2981
3162 9986
3169 40436
3170 9519
3176 26745
3182 4484
3186 10885
3189 2337
3201 9231
3212 503
3230 1838
3241 1376
3242 790
3248 32035
3262 8725
3268 7848
3276 38434
3301 5894
3304 2434
3314 29876
3316 318
3317 11101
3320 877
3326 20671
3340 16895
3347 12433
3353 19746
3356 3183
3361 16951
3367 5705
3371 8019
3380 3295
3396 2885
3399 3860
3415 17786
3423 11221
3426 3977
3429 27272
3434 2056
3435 19286
3437 6516
3444 2732
3447 4800
3459 4105
3461 56
3473 637
3475 22992
3478 16478
3479 2997
3493 510
3496 258
3504 3514
3522 1423
3540 8680
3544 8610
3545 30179
3565 40093
3569 22889
3579 1032
3593 23954
3600 9941
3605 45255
3622 12447
3626 8523
3629 4600
3634 3041
3638 3279
3653 35126
3661 13092
3663 13320
3675 3059
3709 19071
3711 8029
3723 1102
3735 2348
3741 20651
3745 1769
3752 14009
3754 1346
3757 20587
3759 21764
3770 3630
3795 11528
3798 202
3802 23432
3803 23492
3810 16056
3818 1971
3823 13138
3824 7198
3827 18358
3833 36958
3837 3201
3847 3127
3848 8900
3860 12652
3902 14103
3934 7613
3968 1717
3969 17114
3978 11725
3995 21727
3997 2156
4006 291
4009 28956
4016 2547
4024 29042
4041 40685
4053 28029
4058 4896
4060 5154
4065 329
4073 41554
4087 11079
4089 20109
4101 4563
4113 38897
4125 4724
4128 8818
4129 121
4134 2761
4135 12773
4144 45252
4148 19058
4156 8441
4157 698
4174 3927
4192 3631
4212 18350
4218 4771
4220 37931
4227 67
4229 21479
4232 14195
4234 6899
4237 1975
4250 265
4256 46505
4264 22999
4266 2681
4270 3175
4280 3215
4288 7920
4294 4504
4307 12803
4328 5765
4336 216
4343 9926
4350 15468
4355 8969
4382 1070
4385 343
4390 21167
4399 13557
4419 18897
4423 135
4425 6949
4429 1803
4436 24604
4462 8077
4464 204
4467 11649
4483 26935
4485 45295
4497 3322
4511 32159
4521 5647
4524 40
4534 30439
4535 15954
4546 1882
4563 12926
4567 16415
4571 13232
4573 5165
4578 2090
4593 20687
4594 3863
4597 413
4599 1043
4615 2404
4618 8068
4623 40965
4625 17136
4626 1777
4655 12787
4660 137
4678 45900
4689 1120
4700 694
4735 39460
4736 1480
4739 21874
4762 30598
4770 46900
4790 793
4806 316
4814 173
4815 39724
4819 15664
4822 4351
4827 18899
4830 21162
4836 6747
4849 2157
4854 20519
4858 12732
4860 45454
4873 41711
4879 25964
4884 20222
4885 351
4888 12904
4891 18758
4910 14964
4970 24609
4986 39370
4994 27550
4998 5805
5034 2683
5040 13464
5047 19105
5054 30426
5063 5984
5072 46677
5078 24355
5094 2481
5097 42509
5102 11961
5120 5813
5121 24806
5127 16332
5145 2735
5157 25071
5173 33474
5174 29675
5183 25022
5203 41896
5207 17546
5230 14257
5235 34860
5256 7284
5269 34755
5279 18081
5291 2605
5308 9561
5309 45
5311 7095
5313 268
5332 44830
5356 403
5365 8345
5377 41856
5380 8641
5385 25217
5411 20918
5415 927
5419 18879
5431 32758
5432 15071
5437 27222
5442 1808
5453 1284
5454 44338
5455 24748
5472 16615
5476 512
5482 30174
5485 30556
5503 309
5504 37278
5517 17162
5521 3939
5553 12818
5562 19317
5570 26022
5573 6044
5587 7861
5600 30689
5608 17671
5611 1458
5612 1578
5613 6215
5618 4272
5634 4669
5637 38012
5659 12250
5669 47706
5671 670
5676 415
5686 20076
5692 4945
5696 24715
5700 507
5722 33685
5727 603
5738 21817
5750 1580
5757 43062
5763 4036
5765 11996
5768 214
5779 15616
5781 23476
5839 300
5844 49
5847 420
5856 22398
5866 23977
5890 17220
5894 1781
5908 15851
5912 18014
5917 1094
5932 6757
5934 28568
5944 26713
5956 3672
5960 16597
5989 8386
6000 9410
6002 20840
6003 26764
6016 1720
6031 54
6033 44
6036 31909
6047 42928
6050 18354
6051 44205
6078 9612
6086 17920
6097 1543
6111 35809
6119 16569
6120 1281
6124 44429
6128 14003
6130 1167
6134 45333
6161 1232
6167 5714
6193 6766
6206 565
6235 24560
6244 935
6251 45334
6258 27654
6266 13183
6283 721
6288 249
6294 95
6296 8510
6326 17237
6329 19314
6337 21531
6346 10862
6349 524
6356 23896
6373 45036
6374 27122
6377 14392
6378 6341
6390 38178
6393 344
6396 9911
6398 42221
6399 48314
6400 23326
6406 2876
6444 26494
6460 38056
6490 22787
6511 22851
6515 639
6521 2482
6528 10454
6529 48540
6536 3421
6549 11904
6566 41357
6575 335
6582 43543
6585 18634
6599 1796
6611 6617
6618 10021
6620 9746
6637 920
6644 13329
6645 29
6652 1168
6672 18129
6684 28039
6697 6326
6703 2687
6712 24362
6723 29633
6743 29275
6748 47674
6754 8036
6760 10368
6782 41353
6788 11656
6805 15136
6818 9698
6825 5205
6849 24882
6871 28215
6872 22170
6873 13920
6878 8157
6891 8446
6895 34309
6907 3335
6923 19727
6925 6964
6933 15966
6942 38213
6943 234
6951 4843
6967 4022
6997 13890
6998 30273
7008 7970
7009 11820
7014 6749
7037 22253
7040 13735
7044 6797
7067 227
7076 10838
7077 39993
7082 7087
7103 8389
7107 3701
7108 22759
7119 2273
7154 1813
7155 10389
7167 15223
7194 21447
7232 26528
7234 27524
7264 7491
7275 128
7320 9034
7349 2070
7350 1361
7356 30177
7365 10746
7368 10236
7369 960
7382 44493
7384 1695
7403 493
7408 10951
7423 509
7430 38754
7436 21206
7444 2585
7451 5786
7456 14769
7458 43923
7462 21692
7490 19842
7517 36932
7524 16184
7531 33925
7540 2425
7550 48698
7562 10954
7571 564
7572 42948
7575 536
7588 12332
7594 44680
7595 40460
7600 24552
7618 748
7619 26650
7626 26443
7636 33510
7664 817
7676 10647
7687 8767
7697 22856
7719 11703
7731 32335
7734 35987
7763 6550
7765 10502
7775 41553
7781 32791
7790 24970
7795 1188
7803 7503
7809 4197
7816 15382
7820 1888
7838 14368
7841 3638
7863 44758
7864 2577
7941 38802
7969 45412
7973 37831
7985 5108
7995 3864
8016 18975
8042 7496
8051 3492
8082 18151
8086 18247
8141 9399
8146 2440
8160 11139
8171 13493
8176 35154
8188 2100
8220 1550
8224 46831
8229 26109
8231 5516
8233 43744
8262 5116
8270 26322
8288 13258
8327 4717
8354 6335
8384 5934
8387 4806
8397 11575
8399 31815
8409 7426
8434 48311
8435 612
8437 205
8441 2846
8444 4122
8460 31980
8473 27809
8474 46426
8482 33070
8500 5389
8507 30760
8517 40900
8520 26184
8547 2798
8567 17393
8569 18674
8583 16010
8587 28520
8590 35485
8606 10660
8613 24368
8630 29626
8632 18074
8664 24808
8674 15129
8715 20604
8736 552
8737 395
8745 4352
8753 28132
8754 13692
8776 3200
8778 6864
8787 13420
8798 6160
8815 5351
8825 24161
8826 2181
8839 6885
8859 24510
8876 1372
8877 1183
8879 4234
8889 17305
8894 13008
8899 26577
8950 1044
8986 6350
9001 7791
9002 8286
9009 1385
9011 34206
9017 13173
9045 14656
9062 20263
9115 12889
9122 2514
9127 9738
9139 15709
9141 15476
9145 882
9148 43815
9185 38908
9187 30
9202 7927
9213 2649
9216 25592
9248 37148
9249 1495
9250 1109
9263 35404
9305 362
9313 2272
9323 28226
9326 19479
9331 40017
9344 4500
9360 1643
9370 31900
9386 3021
9405 7586
9438 20912
9453 12363
9458 2277
9468 11185
9473 35948
9481 826
9504 19926
9520 5231
9522 1279
9533 6961
9538 32798
9549 4281
9565 20424
9598 1713
9628 16473
9672 5236
9679 187
9691 150
9716 982
9728 13672
9791 33469
9812 4
9825 9044
9869 8760
9878 8182
9879 44314
9885 37231
9898 4786
9908 20260
9921 7593
9922 27475
9925 22801
9928 12268
9943 28519
9953 46096
9961 16783
9964 28206
9974 19223
10023 3899
10066 10312
10097 12005
10105 595
10119 4166
10137 4839
10138 4674
10143 1844
10154 1350
10155 40788
10163 16918
10169 8270
10174 1170
10179 15840
10206 10
10216 7009
10258 10698
10262 4011
10295 26201
10297 40026
10301 8449
10351 20175
10367 28756
10391 764
10410 13794
10420 85
10423 1527
10425 46132
10446 28920
10448 35221
10453 19326
10459 41184
10463 11176
10468 10642
10475 37174
10481 7199
10500 1392
10507 38131
10526 11756
10529 46769
10533 41411
10542 15984
10589 43504
10598 12556
10618 4496
10636 5435
10653 314
10657 3799
10661 8040
10665 7104
10673 33619
10707 1228
10732 31001
10733 347
10735 10303
10749 1302
10778 12138
10795 5856
10798 25037
10810 5054
10814 43977
10817 9531
10825 7459
10826 16300
10829 46565
10832 4051
10839 47356
10850 17781
10869 15369
10885 37412
10889 30837
10918 10001
10926 40426
10932 46693
10960 28026
10963 40247
10967 2145
10969 24985
10979 5559
11004 22975
11049 8083
11052 1590
11065 29639
11068 12916
11072 45471
11100 3553
11104 278
11114 29315
11151 7505
11160 12505
11163 23
11171 6850
11172 3072
11193 5313
11198 4606
11201 45140
11215 1080
11245 3304
11250 5640
11258 17349
11268 13770
11270 2107
11271 15748
11280 3149
11312 4992
11313 25808
11332 8432
11349 978
11353 3181
11359 4192
11361 19160
11363 772
11369 8001
11383 537
11414 2642
11418 3130
11419 640
11441 495
11450 2291
11466 1178
11485 831
11493 834
11503 12054
11517 30282
11528 1419
11529 570
11535 42878
11546 10500
11573 4692
11576 30807
11582 26157
11585 17974
11605 8558
11617 215
11622 46631
11639 3253
11663 692
11673 13349
11675 159
11678 3758
11681 8762
11699 20710
11717 3691
11728 14062
11746 9445
11753 21649
11765 35538
11774 1218
11776 3156
11777 5298
11780 6403
11785 10244
11803 36408
11810 1517
11821 16718
11846 11659
11852 4858
11857 7405
11866 33135
11871 24344
11887 2460
11890 827
11892 48676
11905 18390
11930 13999
11944 12131
11954 2383
11959 31445
11962 846
11963 5121
11967 3576
11983 10834
12003 994
12018 2980
12020 40469
12031 14828
12049 38874
12061 44895
12064 19669
12073 4082
12080 28046
12081 9776
12087 31447
12088 3180
12094 6158
12156 27140
12171 631
12181 30846
12229 16476
12246 1297
12261 1682
12292 39010
12297 33362
12299 32250
12343 13033
12361 41431
12362 46930
12372 48
12386 9055
12393 39019
12413 11845
12430 554
12465 6012
12495 7054
12507 5574
12508 5267
12512 3489
12520 24158
12552 7941
12555 29660
12581 17064
12594 6568
12597 11901
12614 23775
12623 84
12630 7393
12637 31880
12642 33164
12644 3012
12715 245
12721 13293
12735 41213
12738 7609
12754 44424
12765 36637
12781 43753
12790 39817
12814 11616
12825 24147
12855 40306
12897 11
12910 5339
12917 57
12938 38494
12974 492
12999 2036
13027 19755
13037 6991
13044 2768
13050 5468
13053 37213
13061 37117
13069 3399
13086 5831
13106 26853
13126 17214
13135 30894
13149 11478
13164 28537
13165 14064
13177 6851
13182 22820
13186 2069
13221 1568
13242 21541
13252 104
13275 5760
13305 12939
13350 30240
13351 47149
13367 13165
13385 18028
13392 5674
13421 37237
13423 8160
13437 40927
13442 6842
13471 36272
13473 563
13476 1112
13487 7111
13506 896
13519 6832
13530 685
13533 30599
13585 11057
13594 4665
13612 3018
13622 976
13638 7762
13662 27274
13691 947
13695 11927
13702 11044
13704 36714
13722 36134
13736 15980
13748 21370
13750 35767
13800 1715
13813 21044
13817 21419
13818 5598
13891 1467
13904 2102
13927 25914
13929 3188
13938 24136
13939 2155
13987 18694
13999 6871
14009 4894
14054 4901
14068 27618
14112 6001
14125 29613
14149 6727
14175 3307
14178 4836
14214 11035
14241 4690
14256 30914
14257 1920
14277 18004
14293 22574
14295 39843
14322 12255
14357 15075
14372 31670
14381 11610
14412 16114
14425 18082
14470 1274
14475 38016
14484 39522
14486 4797
14487 19333
14494 27054
14495 26677
14504 5365
14510 7815
14520 2678
14538 31635
14554 17203
14575 11921
14582 21330
14588 1703
14615 4146
14624 17557
14647 4068
14660 29033
14687 7473
14719 5684
14733 5379
14757 3843
14774 22641
14793 8232
14802 1657
14807 5907
14817 126
14862 7492
14887 21550
14903 15502
14923 38838
14926 31124
14946 14072
14955 455
14976 20427
15009 5213
15035 2506
15041 4543
15051 2081
15065 8266
15075 16596
15086 125
15091 3087
15103 41744
15108 5692
15165 5189
15207 11637
15217 1974
15223 9065
15252 6222
15277 18105
15278 13621
15280 4822
15302 14249
15331 770
15337 8146
15343 35695
15355 7
15375 5278
15407 922
15414 33384
15426 251
15435 35553
15436 2656
15449 5883
15463 8243
15470 10697
15500 3343
15505 33849
15508 12813
15515 23724
15537 10402
15565 6608
15603 37264
15613 448
15615 377
15624 4261
15629 3582
15635 598
15637 15100
15642 4953
15657 1555
15660 12979
15662 18614
15667 11483
15684 36467
15702 5139
15714 3459
15733 5225
15743 452
15773 1156
15820 5280
15821 33440
15836 1945
15861 46999
15870 13937
15874 1719
15894 13146
15898 26114
15919 46622
15929 7605
15931 2714
15934 7864
15943 45551
15946 23524
15954 14415
15991 27800
16001 7449
16005 37134
16016 5719
16039 7269
16042 1565
16071 4593
16076 6754
16083 5039
16105 33217
16110 12147
16111 48076
16118 25238
16127 35685
16131 9035
16132 36757
16142 14326
16159 14835
16176 3532
16183 38721
16201 31735
16202 29420
16237 10616
16251 2978
16261 12644
16264 3483
16272 7736
16285 16585
16299 11401
16305 8501
16330 42921
16335 3734
16339 2245
16368 10441
16370 26435
16371 42273
16381 13375
16398 1739
16409 4715
16428 9917
16431 13582
16495 42428
16509 22014
16512 15571
16513 16299
16524 14585
16532 12230
16537 41009
16550 10607
16553 220
16556 22770
16584 7216
16601 20695
16646 33553
16656 6780
16667 39897
16677 21485
16687 21980
16714 6520
16728 17644
16743 421
16755 44188
16765 39940
16770 12225
16779 407
16785 3697
16806 8206
16814 5207
16836 27005
16841 30813
16844 8939
16866 6955
16868 578
16872 21045
16916 12516
16919 6448
16962 4974
16974 2006
16998 7255
17002 23433
17025 20507
17051 3634
17058 31088
17086 1802
17099 18723
17106 418
17140 2177
17158 7401
17215 8005
17252 822
17253 25517
17261 5013
17277 2524
17290 24665
17293 25443
17295 3308
17311 14517
17312 14253
17315 5753
17329 5504
17347 13090
17351 11538
17353 12610
17365 2122
17378 4153
17380 39753
17400 25081
17418 7819
17423 12427
17440 23547
17462 2327
17475 8815
17476 8066
17511 38028
17522 9062
17530 1964
17531 18080
17546 17678
17559 29003
17635 109
17646 43093
17666 33272
17677 2488
17682 28895
17683 13660
17689 15082
17695 8752
17715 14785
17763 12632
17778 14520
17795 6100
17796 136
17800 31889
17810 4316
17812 23727
17817 358
17827 12903
17832 3509
17840 41343
17857 25904
17864 46668
17891 22625
17913 5437
17931 32777
17937 8614
17944 14647
17947 45707
17962 2549
17979 27549
17984 12842
17997 33680
18057 20442
18085 10355
18088 6099
18098 39877
18102 34077
18129 27161
18132 32626
18137 23764
18158 6421
18167 31839
18170 92
18189 38719
18203 10974
18211 45863
18219 975
18220 8251
18230 2186
18232 1928
18253 224
18255 35928
18268 64
18270 17750
18285 29647
18308 46433
18330 7905
18345 48495
18371 328
18382 26047
18389 11421
18394 8033
18403 42956
18408 19620
18426 14551
18432 1588
18435 7209
18451 3143
18455 4086
18509 27665
18520 39088
18523 30543
18525 5003
18528 7451
18530 23576
18541 32525
18563 21262
18615 1117
18673 29667
18690 7589
18710 5555
18731 26284
18764 3896
18771 8733
18788 20551
18806 19810
18815 727
18827 5989
18855 9008
18869 12898
18902 1006
18969 28178
18974 196
18976 27411
18984 32393
19008 7744
19009 4905
19011 14277
19018 6103
19033 47180
19052 4150
19061 35991
19079 30410
19117 15923
19164 6365
19192 2689
19225 5696
19242 5262
19247 10066
19276 7808
19282 10571
19304 5166
19307 1401
19317 15414
19321 15252
19330 7082
19348 11405
19460 29514
19466 5393
19473 1395
19487 15586
19493 6688
19494 1961
19498 2839
19499 32318
19506 20379
19572 15932
19579 5581
19598 35717
19634 37008
19651 26383
19662 28102
19670 24066
19721 33351
19728 14038
19729 12179
19748 31283
19752 6813
19763 3452
19808 4287
19809 15936
19823 11523
19839 2346
19861 4291
19866 14070
19879 1142
19880 19262
19889 18267
19894 38548
19896 12698
19900 42903
19902 11134
19909 816
19910 2999
19927 9320
19970 3323
19972 6104
19978 43697
19979 13507
20001 4949
20013 3765
20056 27436
20058 5710
20086 12080
20123 10518
20130 28795
20148 22077
20158 3411
20177 11793
20187 6699
20205 12064
20275 17584
20279 26186
20312 8012
20342 9207
20369 3502
20374 6409
20390 10475
20393 2788
20401 35055
20405 47304
20408 20558
20409 12985
20425 915
20466 9591
20481 337
20484 23166
20514 76
20544 4559
20551 32458
20553 16477
20555 37416
20565 16998
20586 8583
20611 10205
20631 23337
20652 1668
20655 15856
20663 43487
20671 10111
20674 48459
20701 31618
20735 38631
20752 6191
20788 18661
20792 26893
20833 3160
20845 16739
20878 3098
20882 1370
20906 23026
20928 869
20936 7962
20937 911
20940 42294
20972 19893
20987 28525
20991 41277
21049 6853
21055 47091
21058 11188
21088 676
21116 628
21136 13298
21140 16916
21163 16549
21185 4299
21187 34108
21214 31246
21225 44049
21258 3447
21309 2766
21315 3767
21316 1040
21343 18718
21350 5400
21398 14184
21399 12155
21404 6950
21413 26665
21443 10409
21452 33693
21454 28836
21455 24865
21498 29936
21501 9184
21510 14467
21517 3567
21531 14983
21575 25055
21600 30501
21602 22038
21611 28337
21621 24346
21627 2197
21630 14780
21632 749
21634 5417
21640 39657
21641 8600
21669 34436
21699 48297
21749 11310
21754 8431
21773 1811
21799 19379
21819 25735
21836 41253
21859 4880
21918 5570
21927 12829
21936 4721
21944 20647
21978 4996
22003 21144
22032 15107
22043 11899
22046 4219
22050 6062
22108 28670
22159 23466
22160 28477
22179 6068
22185 1320
22203 13481
22257 10835
22284 5185
22326 22250
22341 2890
22347 18466
22369 16384
22376 3560
22380 39834
22404 1772
22408 25728
22463 3699
22468 25233
22469 19156
22479 4535
22493 8017
22504 10947
22506 621
22521 33423
22535 41886
22643 145
22658 13179
22661 47889
22687 48524
22710 7862
22711 7772
22727 20900
22761 1248
22764 36099
22846 3057
22870 31898
22889 2845
22904 41450
22928 6029
22930 161
22945 5529
22946 33905
22947 17507
22954 25218
22969 33832
22989 3586
22991 15524
23013 10519
23017 13004
23025 22606
23040 3176
23056 24593
23067 18655
23075 2044
23079 4401
23082 33735
23146 2983
23204 7902
23208 1660
23225 3086
23231 14151
23233 12386
23275 8024
23295 32395
23300 2865
23315 5641
23329 2498
23331 4388
23369 23722
23379 28616
23384 1684
23419 5251
23441 4845
23449 32169
23453 35395
23482 5731
23484 6050
23544 8759
23548 5329
23559 3150
23575 29585
23590 9720
23608 99
23617 812
23657 46229
23661 45540
23678 27379
23710 4008
23718 6352
23725 20515
23735 19448
23750 879
23775 4803
23778 45586
23788 8663
23793 880
23803 1995
23828 19987
23830 39680
23841 24037
23858 1522
23873 27405
23884 13338
23896 9447
23902 36619
23907 6355
23915 3439
23918 15366
23941 577
23949 13641
23955 641
23970 20516
23983 15521
24040 21348
24052 24081
24077 43366
24078 44359
24138 36422
24167 30145
24172 6359
24173 808
24213 391
24223 11769
24242 11366
24245 32900
24261 29604
24295 1938
24309 30842
24336 26452
24345 5228
24350 38703
24395 971
24400 5241
24455 7872
24505 28704
24506 17688
24538 25368
24553 2037
24593 1513
24645 18435
24669 37063
24706 9296
24754 36176
24758 133
24807 1492
24837 31146
24885 4755
24894 5891
24905 12062
25065 1122
25079 14674
25102 9538
25105 40396
25114 3729
25122 33842
25139 35782
25141 8732
25154 12100
25181 38575
25195 27557
25245 10417
25249 6366
25259 34794
25288 31997
25353 25814
25367 18847
25398 616
25402 4566
25432 3473
25433 16534
25438 1655
25462 19523
25469 12360
25504 36494
25523 102
25539 908
25543 16851
25553 7516
25570 34749
25572 2391
25630 7680
25632 7036
25679 48520
25689 22796
25732 6778
25738 7171
25748 5706
25771 8774
25779 41555
25784 34943
25785 47473
25847 5747
25872 30296
25904 8011
25913 10009
25918 9150
25925 5341
25986 9010
26008 46588
26015 22368
26022 18460
26037 8338
26038 11036
26039 4463
26057 1780
26111 40903
26156 3388
26186 11082
26197 9602
26203 19452
26214 35336
26285 4778
26312 5583
26351 17897
26353 2470
26359 7526
26396 16891
26427 10888
26434 42113
26451 7673
26458 5580
26462 7844
26466 25523
26469 42389
26470 37284
26493 16495
26510 1457
26513 8440
26515 9691
26547 422
26558 30592
26613 15472
26638 6045
26723 11779
26784 6878
26813 7475
26866 892
26873 34312
26901 16075
26937 3342
26938 19258
26959 3146
26960 12299
27044 11698
27094 23919
27101 768
27103 32337
27135 3387
27139 39128
27144 31592
27162 2537
27163 11747
27234 32039
27246 17710
27261 17731
27276 27194
27280 14572
27312 8557
27325 19349
27332 1636
27335 14041
27341 9787
27468 8505
27509 12038
27520 4679
27545 20743
27570 505
27625 18944
27628 19189
27707 32295
27711 34506
27718 66
27721 12189
27854 19404
27893 2784
27922 11434
27952 4646
27963 40222
27968 35470
27996 33466
28032 13795
28081 5444
28088 41273
28100 32800
28108 6814
28132 28538
28155 45365
28194 37568
28199 10019
28206 11742
28207 1143
28218 45601
28236 41180
28296 48312
28337 43267
28408 23383
28411 43381
28428 30303
28453 37290
28457 30580
28483 3392
28518 46745
28526 3628
28533 16765
28547 1532
28555 895
28580 12936
28607 32847
28614 14896
28621 33455
28649 13762
28662 14167
28675 9559
28718 38157
28720 2945
28724 22666
28731 17368
28746 41038
28778 9254
28795 14791
28810 12558
28841 16097
28869 38546
28911 149
28924 10486
28941 31895
28976 13608
28977 18472
29031 32273
29044 6025
29046 4926
29106 9821
29154 33235
29171 2509
29185 41600
29261 29555
29266 5475
29288 2168
29292 7814
29297 11096
29304 20626
29318 33990
29352 37756
29360 19652
29402 9749
29410 5178
29423 3456
29437 14610
29440 13019
29442 15040
29453 20317
29474 48329
29493 10847
29512 14898
29514 4230
29535 78
29555 4807
29576 15804
29591 312
29605 10181
29621 2478
29652 1757
29668 4420
29677 10807
29683 17577
29694 13547
29705 3070
29754 34147
29765 47982
29776 21752
29790 18238
29792 1125
29817 9252
29821 26702
29834 27110
29835 8599
29840 12262
29850 18346
29854 26254
29876 315
29898 25930
29918 39224
29987 8806
30017 23795
30028 384
30030 979
30033 3082
30039 20321
30042 17771
30113 454
30122 4038
30123 46215
30141 12364
30151 6123
30166 519
30193 22777
30199 23151
30225 2819
30243 11191
30244 15020
30254 18076
30304 1917
30338 17506
30366 10386
30409 17163
30446 21
30448 35169
30451 16090
30499 39750
30518 4612
30540 4385
30585 15582
30603 15326
30611 4331
30628 11067
30638 32192
30644 412
30652 14953
30667 19714
30696 24790
30719 2142
30761 3943
30769 6010
30787 19880
30824 1552
30836 966
30837 25520
30901 4935
30921 17248
30930 44036
30936 15795
30940 25322
30999 1327
31014 27399
31027 41407
31064 1575
31073 31528
31082 21067
31092 6277
31108 16261
31114 39119
31138 17221
31144 13645
31156 46028
31158 1173
31223 17474
31234 853
31237 13496
31273 12309
31274 39121
31287 12550
31289 8437
31305 8421
31323 1437
31355 32940
31384 23704
31412 22752
31521 31216
31538 17204
31627 5561
31709 29457
31715 40821
31760 23895
31766 37349
31773 25193
31798 34600
31801 2747
31808 16456
31823 600
31833 17011
31875 6134
31928 22278
31936 26181
31957 37193
32061 4899
32073 3882
32087 43111
32094 23721
32132 12043
32171 7779
32172 10893
32203 46876
32209 31087
32267 8668
32286 3517
32317 13331
32358 27693
32393 13777
32417 917
32418 35650
32425 1171
32433 31477
32470 45860
32473 9024
32516 7016
32520 269
32526 45241
32528 4745
32538 3815
32585 883
32629 25692
32642 26772
32670 32941
32725 29824
32757 931
32779 45372
32836 17635
32851 16043
32892 10611
32932 19015
32943 42004
33002 23473
33065 303
33068 41027
33101 16062
33115 34546
33116 10743
33129 38501
33249 3540
33292 24251
33307 7530
33351 14543
33433 1619
33476 17669
33483 2330
33516 7011
33554 599
33555 24077
33595 36434
33621 2571
33623 4525
33726 36067
33756 38577
33818 5970
33876 37241
33883 6968
33885 8795
33894 10476
33897 13911
33916 7407
33935 4444
33972 30612
34021 6490
34066 8211
34091 649
34116 18169
34150 17822
34155 9960
34177 9914
34188 24477
34218 6686
34221 3260
34242 20107
34262 1282
34263 31832
34280 21516
34302 3763
34303 35822
34304 1049
34371 26791
34399 11451
34400 429
34421 24107
34446 7866
34535 47727
34551 7678
34594 5740
34610 16628
34673 21443
34695 2866
34710 24320
34749 40495
34777 2857
34901 36623
34949 3375
34967 31504
34975 6417
34997 12651
35048 48516
35053 31804
35138 5772
35156 360
35208 10359
35225 21242
35238 12901
35247 5920
35285 15173
35287 13679
35288 27660
35292 704
35294 1818
35341 14613
35342 3823
35353 16850
35475 7395
35486 24669
35503 26302
35565 7110
35569 30304
35580 47001
35599 30609
35602 11438
35635 22141
35657 39529
35748 590
35764 36955
35773 40831
35777 26085
35820 38081
35826 11607
35836 1904
35868 9471
35893 40319
35918 1054
35923 46901
35926 6799
35928 33509
35941 21661
35945 37760
35949 27381
35950 3816
35982 7543
35993 16509
36003 32750
36060 46216
36132 16006
36134 19388
36145 16188
36169 43065
36202 36575
36231 256
36233 40351
36277 8630
36312 824
36353 9026
36358 9464
36385 45294
36392 9042
36413 5866
36422 33506
36451 12383
36466 4722
36482 15238
36485 9725
36509 42266
36518 18097
36519 12493
36567 39651
36593 6469
36622 46698
36627 21031
36719 16505
36722 18095
36729 17077
36749 21077
36755 3312
36788 22440
36789 11641
36801 21725
36807 39417
36827 37228
36839 2132
36848 42957
36893 25695
36903 18281
36942 16459
36943 43693
36953 47118
36972 37935
36988 21405
37021 36701
37025 252
37036 7843
37051 46628
37085 30077
37119 34504
37120 12231
37127 16513
37140 31685
37288 8267
37302 13954
37305 29477
37326 45446
37376 22773
37490 30015
37492 16775
37524 18033
37526 21890
37539 41181
37591 43125
37608 23628
37636 7233
37678 17505
37680 35175
37757 13379
37762 18452
37768 29923
37779 45436
37799 34655
37805 6651
37820 6096
37858 19768
37914 7296
37927 41901
37930 8372
37975 27437
38018 10895
38098 48399
38133 21545
38136 25635
38153 3398
38159 6921
38299 35735
38320 26971
38329 36148
38336 10322
38359 10477
38367 21020
38402 23020
38409 40764
38421 21396
38470 32771
38486 40568
38504 47522
38516 21198
38529 1792
38552 2462
38572 47005
38573 20268
38583 38691
38634 635
38673 9049
38718 46915
38726 38189
38775 31992
38778 23840
38804 25976
38840 10369
38848 14012
38878 2289
38888 23488
38905 37363
38939 13431
38975 10922
38990 766
39032 40745
39119 30061
39158 43720
39183 36234
39198 8301
39202 41064
39205 4457
39221 19352
39235 45291
39249 1871
39265 18635
39280 33610
39308 15702
39314 2426
39337 1273
39380 28312
39394 38975
39473 29889
39478 6095
39513 45958
39568 23486
39579 199
39583 8931
39589 8974
39648 12928
39680 6548
39724 27976
39771 11419
39830 38299
39831 42208
39842 36583
39955 8481
39966 28743
40042 27271
40104 10735
40115 21182
40146 10255
40147 47949
40228 39416
40241 29114
40242 8030
40279 46653
40301 682
40346 41276
40368 41688
40418 11838
40461 3331
40535 21092
40537 22173
40627 12540
40787 15611
40791 14422
40827 15842
40864 10008
40887 21054
40903 15143
40907 22506
40908 12650
40911 39722
41027 36417
41070 27659
41071 25584
41087 15011
41135 48470
41157 32450
41168 23717
41176 15717
41206 46652
41215 38216
41242 160
41245 39588
41254 28612
41270 7261
41313 1742
41316 24353
41328 25916
41354 27841
41359 46590
41391 2304
41399 45445
41430 46361
41505 23307
41562 6535
41564 2951
41626 1321
41649 45043
41685 32025
41712 11878
41728 36407
41732 44171
41774 23639
41793 32389
41805 34553
41811 1436
41857 5690
41903 3783
41939 36236
41942 3846
42030 43165
42039 11119
42045 38089
42052 4285
42080 45159
42122 17645
42163 19010
42170 22246
42188 2751
42206 47213
42232 26821
42276 18560
42284 9710
42338 19964
42396 36995
42408 28529
42476 46594
42513 35534
42554 42847
42632 31270
42636 44973
42719 26217
42746 5085
42765 12689
42769 35094
42859 22778
42914 33548
42960 30644
43032 11090
43061 27325
43118 7967
43130 32405
43190 25782
43277 3058
43287 1916
43333 48525
43350 22780
43530 14363
43542 39861
43561 42386
43566 38054
43605 41643
43643 22880
43657 20748
43761 1337
43767 40044
43801 26454
43820 13588
43824 16926
43897 1177
43898 44419
43901 17010
43975 48553
44007 21472
44024 34018
44045 20483
44058 44355
44062 36362
44072 17387
44096 5447
44098 36113
44111 29729
44112 2989
44174 16237
44221 4825
44227 13045
44231 32472
44285 3084
44288 13425
44327 33836
44386 5649
44403 10254
44423 33017
44459 16157
44479 36712
44486 21552
44520 6035
44527 38888
44540 34676
44578 32736
44613 48376
44615 13162
44626 15227
44630 9473
44646 26477
44683 27896
44710 32089
44776 3612
44780 39690
44788 47600
44795 9480
44845 2150
44907 7294
44937 29844
44960 45639
45002 17496
45004 7513
45068 19063
45104 46458
45107 44845
45149 31113
45157 11613
45215 29581
45284 19973
45316 26880
45386 20615
45427 48557
45511 847
45580 1060
45612 9712
45652 36768
45672 40127
45674 48223
45703 40490
45724 47283
45777 45307
45783 23092
45836 15007
45842 13674
45853 37457
45854 18892
45880 13160
45966 14748
45971 38047
45973 15900
45975 25259
45979 12951
45985 244
46013 27623
46068 9885
46078 16205
46111 4188
46152 29587
46205 28996
46264 10318
46266 44562
46284 20875
46299 11923
46304 42611
46320 36871
46372 18888
46374 26320
46384 2712
46397 48107
46411 6140
46478 20016
46532 27234
46547 31344
46568 35606
46669 39571
46694 24485
46728 7949
46731 16780
46825 7938
46833 6367
46868 10239
46872 30217
46929 33458
47013 28263
47023 10857
47025 1365
47034 12319
47056 22543
47119 47820
47133 21823
47320 29866
47396 30655
47435 19495
47477 18030
47520 19828
47533 37552
47535 40767
47606 36
47636 11042
47643 3947
47668 27540
47721 368
47724 21502
47768 17713
47809 39108
47856 28988
47857 43842
47887 29857
47906 12998
47930 12243
47963 29814
48022 16353
48083 48307
48093 40608
48128 23681
48221 13863
48241 33716
48372 19192
48421 44300
48493 31699
48556 2372
48609 15563
48615 48697
48640 11959
48646 21193
48692 2589
48693 24649
48729 8418
48800 30310
48821 264
48829 2820
48843 35164
48884 6331
48939 1711
48941 8596
48969 23132
49141 299
49148 43738
49212 35399
49252 23258
49317 27933
49397 15670
49417 43952
49455 21000
49588 38259
49600 3966
49605 1601
49673 42163
49734 37820
49784 19096
49795 21442
49801 20803
49807 44624
49873 34665
49977 346
49979 2095
49980 193
49981 112
49982 3776
49983 293
49984 341
49987 4377
49988 255
49989 4092
49990 1563
49991 579
49992 20
49993 1548
49994 472
49995 47
49996 26
49997 514
